6,Version Number
4161917231,home_kael_iceshard 
145658888, Unique House ID. 
3136362027,55862050,-34.00000000,48.00000000,197.50000000,0.00000000,0.00000000,0.00000000,6.00000000, false,"Cloudy Square"
3136362027,55862051,-34.00000000,48.00000000,185.50000000,0.00000000,0.00000000,0.00000000,6.00000000, false,"Cloudy Square"
3136362027,55862054,-34.00000000,48.00000000,173.50000000,0.00000000,0.00000000,0.00000000,6.00000000, false,"Cloudy Square"
3136362027,55862055,-34.00000000,48.00000000,161.50000000,0.00000000,0.00000000,0.00000000,6.00000000, false,"Cloudy Square"
3136362027,55862056,-34.00000000,48.00000000,149.50000000,0.00000000,0.00000000,0.00000000,6.00000000, false,"Cloudy Square"
3136362027,55862058,-46.00000000,48.00000000,197.50000000,0.00000000,0.00000000,0.00000000,6.00000000, false,"Cloudy Square"
3136362027,55862059,-46.00000000,48.00000000,185.50000000,0.00000000,0.00000000,0.00000000,6.00000000, false,"Cloudy Square"
3136362027,55862060,-46.00000000,48.00000000,173.50000000,0.00000000,0.00000000,0.00000000,6.00000000, false,"Cloudy Square"
3136362027,55861835,-46.00000000,48.00000000,161.50000000,0.00000000,0.00000000,0.00000000,6.00000000, false,"Cloudy Square"
3136362027,55861839,-46.00000000,48.00000000,149.50000000,0.00000000,0.00000000,0.00000000,6.00000000, false,"Cloudy Square"
3136362027,55861828,-58.00000000,48.00000000,197.50000000,0.00000000,0.00000000,0.00000000,6.00000000, false,"Cloudy Square"
3136362027,55861826,-58.00000000,48.00000000,185.50000000,0.00000000,0.00000000,0.00000000,6.00000000, false,"Cloudy Square"
3136362027,55861827,-58.00000000,48.00000000,173.50000000,0.00000000,0.00000000,0.00000000,6.00000000, false,"Cloudy Square"
3136362027,55861829,-58.00000000,48.00000000,161.50000000,0.00000000,0.00000000,0.00000000,6.00000000, false,"Cloudy Square"
3136362027,55861830,-58.00000000,48.00000000,149.50000000,0.00000000,0.00000000,0.00000000,6.00000000, false,"Cloudy Square"
3136362027,55861831,-70.00000000,48.00000000,197.50000000,0.00000000,0.00000000,0.00000000,6.00000000, false,"Cloudy Square"
3136362027,55861833,-70.00000000,48.00000000,185.50000000,0.00000000,0.00000000,0.00000000,6.00000000, false,"Cloudy Square"
3136362027,55861834,-70.00000000,48.00000000,173.50000000,0.00000000,0.00000000,0.00000000,6.00000000, false,"Cloudy Square"
3136362027,55862081,-70.00000000,48.00000000,161.50000000,0.00000000,0.00000000,0.00000000,6.00000000, false,"Cloudy Square"
3136362027,55862083,-70.00000000,48.00000000,149.50000000,0.00000000,0.00000000,0.00000000,6.00000000, false,"Cloudy Square"
