6,Version Number
4161917231,home_kael_iceshard 
145658888, Unique House ID. 
641072836,141673366,-20.00000000,23.20000000,258.00000000,0.00000000,0.00000000,0.00000000,1.25000000, true,"Glacier Tile"
641072836,141673365,-20.00000000,23.20000000,255.50000000,0.00000000,0.00000000,0.00000000,1.25000000, true,"Glacier Tile"
641072836,141673364,-20.00000000,23.20000000,253.00000000,0.00000000,0.00000000,0.00000000,1.25000000, true,"Glacier Tile"
641072836,141673363,-22.50000000,23.20000000,258.00000000,0.00000000,0.00000000,0.00000000,1.25000000, true,"Glacier Tile"
641072836,141673357,-22.50000000,23.20000000,253.00000000,0.00000000,0.00000000,0.00000000,1.25000000, true,"Glacier Tile"
641072836,141673358,-22.50000000,23.20000000,255.50000000,0.00000000,0.00000000,0.00000000,1.25000000, true,"Glacier Tile"
641072836,141673361,-27.50000000,23.20000000,255.50000000,0.00000000,0.00000000,0.00000000,1.25000000, true,"Glacier Tile"
641072836,141673362,-27.50000000,23.20000000,258.00000000,0.00000000,0.00000000,0.00000000,1.25000000, true,"Glacier Tile"
641072836,141673359,-25.00000000,23.20000000,253.00000000,0.00000000,0.00000000,0.00000000,1.25000000, true,"Glacier Tile"
641072836,141673360,-25.00000000,23.20000000,255.50000000,0.00000000,0.00000000,0.00000000,1.25000000, true,"Glacier Tile"
641072836,141673356,-25.00000000,23.20000000,258.00000000,0.00000000,0.00000000,0.00000000,1.25000000, true,"Glacier Tile"
641072836,141673355,-27.50000000,23.20000000,253.00000000,0.00000000,0.00000000,0.00000000,1.25000000, true,"Glacier Tile"
